#### Cumulative Probability Confidence Intervals
# lower limit #1
2548.91480005105 0.0
2644.7374096672 1.86895493640396E-6
2740.56001928336 3.85950219687831E-5
2836.38262889951 1.26013471690477E-4
2932.20523851567 5.7341724637267E-4
3028.02784813183 0.00116899664386205
3123.85045774798 0.00208307638166756
3219.67306736414 0.00360161148571683
3315.49567698029 0.0049513277187292
3411.31828659645 0.00779424920768134
3507.1408962126 0.00956387162840308
3602.96350582876 0.0138183440777263
3698.78611544491 0.0188308017841479
3794.60872506107 0.0242771902049883
3890.43133467722 0.0301423999514422
3986.25394429338 0.0364170265039236
4082.07655390953 0.0454470417592873
4177.89916352569 0.0549207916386368
4273.72177314184 0.0686026949349005
4369.544382758 0.080340344054334
4465.36699237415 0.0932045183410654
4561.18960199031 0.107200561353142
4657.01221160646 0.126570640043613
4752.83482122262 0.146773387354054
4848.65743083878 0.166729241569669
4944.48004045493 0.189289460756732
5040.30265007109 0.212312339096667
5136.12525968724 0.234705327673988
5231.9478693034 0.254274279428322
5327.77047891955 0.274991488751928
5423.59308853571 0.298687908387828
5519.41569815186 0.326485058436443
5615.23830776802 0.349964748351325
5711.06091738417 0.37277030336017
5806.88352700033 0.395263365001987
5902.70613661648 0.421140897364136
5998.52874623264 0.447458516716781
