#### Cumulative Probability Confidence Intervals
# upper limit #1
3222.08687404144 0.00266182636909997
3311.60135063892 0.00521030613703428
3401.1158272364 0.00521030613703428
3490.63030383389 0.00632154812315523
3580.14478043137 0.0103930809667361
3669.65925702885 0.015096626131683
3759.17373362634 0.0195940184493022
3848.68821022382 0.0256927966707117
3938.2026868213 0.032484780293292
4027.71716341878 0.0432667678055123
4117.23164001627 0.0554537603258598
4206.74611661375 0.0722203982508631
4296.26059321123 0.0848328219707204
4385.77506980871 0.105112643431892
4475.2895464062 0.125959110128487
4564.80402300368 0.148927574071836
4654.31849960116 0.180060732684961
4743.83297619865 0.207201061453908
4833.34745279613 0.238674822574223
4922.86192939361 0.267744061116251
5012.37640599109 0.308518405212627
5101.89088258858 0.343916800326341
5191.40535918606 0.380623861076365
5280.91983578354 0.415714923719539
5370.43431238102 0.454302940368824
5459.94878897851 0.497795343685573
5549.46326557599 0.533166407627789
5638.97774217347 0.57127622706751
5728.49221877096 0.600650324243156
5818.00669536844 0.631354564061488
5907.52117196592 0.667629661350476
5997.0356485634 0.700916001181676
